Daily Quiz5 Assignment
Write a C program that adds a display_flags function. This is a continuation of Daily Quiz3 and Daily Quiz4.

Output: 
0001 0000 0000 0000 1000 0000 0000 0001 
0000 0000 0000 0000 0000 0000 0000 0000 
0000 0000 0000 0000 0000 0001 0000 0000 
0000 0000 0000 0000 0000 0000 0000 0000 
0000 0000 0000 0000 0000 0000 0000 0000 


0000 0000 0000 0000 1000 0000 0000 0000 
0000 0000 0000 0000 0000 0000 0000 0000 
0000 0000 0000 0000 0000 0001 0000 0000 
0001 1000 0000 0000 0000 0000 0000 0000 
0000 0000 0000 0000 0000 0000 0000 0000 
